299
33.5 45.5 84.18720633810713
63.5 65.5 78.51179705767635
-85.5 -7.5 34.16583333870209
-48.5 36.5 57.33230157835034
64.5 -92.5 8.91709627307781
62.5 32.5 9.102500742294975
16.5 -48.5 97.45196227676793
92.5 -31.5 91.57044045803106
59.5 29.5 96.67797776711062
85.5 -6.5 68.02640546662491
36.5 -72.5 85.54493254743434
96.5 -72.5 37.55264392058205
31.5 7.5 98.27586042599485
47.5 -62.5 55.818069593825385
49.5 26.5 30.86591417622971
-3.5 -67.5 52.7546269472363
45.5 0.5 94.96814548042866
77.5 -90.5 45.42701508039111
-31.5 7.5 6.497538752117756
67.5 89.5 88.18153453729605
-23.5 74.5 6.076217221048435
-54.5 24.5 54.78348146193185
95.5 76.5 97.19775295176662
87.5 79.5 38.28605051841601
-39.5 77.5 52.72707449695525
29.5 -98.5 78.28855888660557
64.5 36.5 83.52079411239143
-68.5 -69.5 70.60068006768957
75.5 -76.5 78.51493734034415
-70.5 39.5 60.70090003399781
17.5 -3.5 83.79173849892548
28.5 -21.5 87.40972480320215
-30.5 -32.5 96.36513857477605
-42.5 -56.5 22.706560652273232
87.5 -20.5 87.27657218238046
15.5 -51.5 40.86715395106311
-6.5 -35.5 52.113986625539866
-10.5 56.5 89.08402872779496
31.5 -85.5 10.776850080222866
28.5 28.5 92.10064359687311
-69.5 44.5 77.7385216091331
40.5 67.5 5.924454385986418
10.5 27.5 14.671503240303643
-66.5 -1.5 92.30510962263592
51.5 10.5 87.57929612972549
-79.5 31.5 5.255178171155792
-98.5 68.5 23.326888298297117
-83.5 -97.5 48.52047806667471
82.5 28.5 13.251844963321856
19.5 84.5 34.56214569550483
-77.5 78.5 41.88038152864401
4.5 31.5 56.02769420657455
-66.5 -32.5 22.93220865078147
-18.5 7.5 94.69707710848368
-43.5 30.5 52.53427461809919
36.5 -66.5 83.52390228294033
30.5 -85.5 18.596608483657405
87.5 47.5 37.87473163455237
38.5 -43.5 3.008951233281219
-8.5 -49.5 57.55361325880352
16.5 5.5 44.344198728127154
36.5 69.5 2.276643257515331
-36.5 47.5 41.84781361260399
17.5 87.5 91.72180374008794
47.5 81.5 47.25694251498953
-65.5 92.5 30.874621834203218
39.5 -95.5 41.92545819840018
28.5 -50.5 61.36872342405855
7.5 33.5 61.623338320451694
84.5 -57.5 44.95046102484163
-71.5 -20.5 65.66998543922057
55.5 21.5 60.78183805850838
5.5 -1.5 5.015190839112613
81.5 18.5 41.58283598511731
-2.5 28.5 36.86610223080823
-20.5 -27.5 63.75341632501917
72.5 -11.5 45.04619246167797
-16.5 -76.5 62.448007222655335
46.5 73.5 1.0065720125853646
-75.5 -77.5 98.77818201783192
-26.5 46.5 52.976229099950906
47.5 -32.5 42.95921822728976
9.5 -33.5 38.15605818327675
-2.5 75.5 23.276031000879556
92.5 -2.5 81.37223376347326
-72.5 -76.5 83.74407032315135
72.5 -72.5 86.90198839087321
-19.5 64.5 84.92352069563502
78.5 88.5 55.83088940462507
9.5 -86.5 20.0538720562059
96.5 -16.5 68.90591718613081
57.5 -90.5 67.18708603001254
-35.5 43.5 89.96125778858948
84.5 -96.5 38.29902700498106
70.5 -60.5 75.71459063738577
-27.5 -97.5 90.22975774774278
18.5 30.5 5.932151200323171
-96.5 97.5 7.892318982094872
-8.5 74.5 92.27841840536736
-50.5 -44.5 47.0018605830916
80.5 -86.5 69.2446210625163
10.5 74.5 22.31350762834215
54.5 66.5 75.37905951662252
-18.5 98.5 15.683738229248066
-55.5 85.5 29.985592578193934
-29.5 -80.5 51.779193919391766
-37.5 -7.5 74.07397914582164
-7.5 43.5 35.961747762509745
-36.5 69.5 66.10172592428052
64.5 -13.5 79.77623666503301
45.5 -86.5 81.41390714323818
-22.5 -58.5 13.679962216217518
-69.5 32.5 2.9237164700387663
87.5 -97.5 53.74813032444543
-83.5 26.5 7.670084253996676
12.5 -44.5 90.26532737684705
55.5 84.5 43.167553019730725
33.5 36.5 68.31008835100148
36.5 -70.5 9.984550548281545
-4.5 -55.5 9.564007572832725
-20.5 -77.5 43.91658219792444
-26.5 -23.5 50.51849996397057
28.5 -53.5 41.880750327854834
61.5 -72.5 93.10030190355668
-50.5 20.5 33.88903995949177
96.5 42.5 16.175704310284296
82.5 -51.5 82.64450209018152
-19.5 85.5 19.805634742406543
-43.5 -15.5 44.314949469458334
53.5 -76.5 64.37972964926678
26.5 66.5 7.3744368236576605
1.5 29.5 93.9544764432741
-64.5 -17.5 9.528374114893392
33.5 43.5 11.848109395909932
52.5 96.5 65.5529776415133
-63.5 15.5 50.56515830860095
25.5 -38.5 74.38736246096418
22.5 -7.5 87.8532025410949
85.5 5.5 89.1088594114489
-43.5 19.5 20.301293064369524
25.5 89.5 81.83591018266063
59.5 10.5 57.870311466700194
54.5 46.5 51.98228430395883
7.5 70.5 74.98068073953424
2.5 -82.5 36.79410515228069
-33.5 -24.5 42.53201147853162
60.5 -55.5 96.30788341296751
-30.5 -42.5 76.21219286957894
-44.5 29.5 64.01218061199344
-63.5 -5.5 82.06996640553398
-26.5 -91.5 62.448528739759226
44.5 0.5 57.878996582438724
-86.5 66.5 18.730763170441737
88.5 33.5 73.19539773557688
55.5 -83.5 30.837387084078994
63.5 84.5 64.95450360604866
63.5 -67.5 66.75295872781824
38.5 69.5 89.18033313795208
59.5 -80.5 89.90250498553416
79.5 4.5 32.88414007973947
15.5 -40.5 84.83287259545034
-57.5 84.5 20.143149651539428
-6.5 75.5 95.93432251011544
75.5 58.5 72.97639908343183
68.5 -73.5 22.196632088073976
69.5 16.5 85.31344278296947
35.5 -71.5 23.656149152396942
-33.5 -14.5 64.12149546932935
95.5 32.5 19.996357777084594
13.5 84.5 40.45300621922024
-48.5 94.5 31.324813156465257
-83.5 92.5 59.88130760177631
30.5 -46.5 73.07527246171554
36.5 -96.5 88.87993938470514
-14.5 0.5 50.20544870945131
68.5 86.5 65.29335055988926
66.5 34.5 22.295834537973278
-97.5 -28.5 16.84465684013612
-29.5 -65.5 27.546293641696288
-51.5 -19.5 63.120667972106396
-75.5 -37.5 61.227262806115746
-29.5 -5.5 32.732578725923645
53.5 39.5 88.26875923317792
62.5 -15.5 4.185524805184047
11.5 38.5 22.5379365963006
-35.5 -55.5 58.60748452299171
97.5 -32.5 17.40048316446522
26.5 61.5 68.36025667026246
-8.5 -92.5 18.300414589980438
-79.5 34.5 18.045288367087043
68.5 -94.5 61.81587915466817
11.5 55.5 24.356863881557825
49.5 19.5 16.638199032033107
-79.5 -75.5 10.04493270455162
78.5 96.5 61.862015640561545
28.5 42.5 71.59753325824447
-68.5 -53.5 90.55892081228474
63.5 80.5 1.0107092014319865
-71.5 -15.5 53.276847936045336
-77.5 68.5 62.25537401438792
82.5 44.5 91.17822202550424
74.5 -28.5 44.64685295836893
54.5 -42.5 11.153282800928215
-71.5 -36.5 58.21413895155982
55.5 37.5 11.554877559475086
-28.5 -30.5 90.63800641964589
76.5 -64.5 80.20778509060442
95.5 19.5 46.11746175711352
-9.5 71.5 67.20152599427242
-91.5 52.5 9.91809288881224
-20.5 -92.5 61.98317175767622
-40.5 -52.5 58.25674111237036
-35.5 -71.5 2.813912589579246
-75.5 33.5 52.54397584672913
-25.5 -35.5 73.8920717174431
15.5 28.5 1.2289482758297225
-73.5 95.5 21.75286907206653
-92.5 -72.5 38.43892423246138
5.5 -56.5 77.26101280587694
73.5 6.5 93.40497709109991
-49.5 -6.5 31.962937463513246
35.5 79.5 27.489283520335334
67.5 -73.5 34.97995263934793
-79.5 -25.5 86.08205100850752
-76.5 -11.5 96.6923251230789
-79.5 71.5 71.80525141428815
-36.5 -22.5 86.32335605267022
47.5 -72.5 36.39992824577682
-52.5 -49.5 52.012601404384306
-68.5 -1.5 96.6432198408261
95.5 99.5 29.427927471837044
97.5 85.5 66.58485736897906
-85.5 -74.5 70.48464305285424
46.5 6.5 88.01584460355349
-63.5 -55.5 25.834169902133954
89.5 15.5 30.343231837599568
50.5 -54.5 50.431325446172885
55.5 -60.5 54.038506812754214
-63.5 -4.5 47.005308627534916
-65.5 -13.5 64.88802897942836
92.5 -13.5 48.376684880163744
-30.5 -51.5 91.59194591944073
-54.5 -97.5 73.49075577680141
68.5 12.5 71.2037873838347
-67.5 14.5 64.41838794766932
-74.5 -26.5 87.92661779685677
57.5 -43.5 6.064469097186574
14.5 -71.5 29.53496146040054
70.5 -86.5 59.821811153745436
-79.5 67.5 95.00118544466335
61.5 -75.5 28.34495780435098
66.5 -26.5 57.55560793267533
-62.5 38.5 34.77701461132421
26.5 4.5 17.515735180401233
88.5 93.5 21.92909094692834
-95.5 -3.5 76.9153581326792
74.5 76.5 76.08510750808792
50.5 92.5 83.28096352564377
-73.5 17.5 56.72047310385935
-49.5 -43.5 12.1716550084515
43.5 -67.5 6.961456208988667
1.5 47.5 28.579739488932674
-2.5 -50.5 85.03946583592537
-92.5 -71.5 24.255640986505007
-22.5 -82.5 27.94930528476849
-0.5 -38.5 35.03065441397303
93.5 -18.5 91.00784359285602
-67.5 -98.5 6.960389790100632
-88.5 50.5 13.947406454569283
92.5 78.5 44.2250779275936
-22.5 60.5 23.051432299632925
29.5 -23.5 78.12936974733617
75.5 21.5 69.52355765680814
54.5 -61.5 81.85670049382347
61.5 -73.5 71.7659138486671
-43.5 90.5 75.13712884668475
-6.5 -13.5 36.709224534945925
67.5 98.5 16.770436069914773
6.5 -65.5 37.43413097164016
32.5 -86.5 40.335605021834354
-58.5 -50.5 87.82516241659341
-38.5 75.5 4.238419610237358
-59.5 43.5 72.80897740926775
-22.5 -30.5 45.70220910532521
-0.5 -5.5 56.6607742213023
71.5 49.5 15.888756993916115
-39.5 79.5 76.88878849664368
-30.5 69.5 9.29251955325407
59.5 -93.5 36.98113941687463
57.5 -51.5 67.76909021859042
20.5 79.5 3.4342074000211196
41.5 -58.5 50.75697525681168
89.5 -20.5 62.741801586768425
68.5 -84.5 21.185449050405925
-52.5 -52.5 16.05433526553783
-19.5 -18.5 68.97734752892639
18.5 -32.5 6.26294469688381
1.5 42.5 54.770375688070146
58.5 -39.5 72.55343043546033
